seqID,cluster,ancestor,level
0,1,1,0
1,1,1,0
2,2,1,1
3,1,1,0
4,1,1,0
5,1,1,0
6,3,1,2
7,4,1,3
8,5,1,4
9,4,1,3
10,1,1,0
11,6,1,5
12,6,1,5
13,7,1,6
14,6,1,5
15,7,1,6
16,7,1,6
17,6,1,5
18,6,1,5
19,8,1,7
20,7,1,6
21,7,1,6
22,9,1,6
23,6,1,5
24,9,1,6
25,10,1,7
26,11,482,2
27,11,482,2
28,11,482,2
29,11,482,2
30,11,482,2
31,11,482,2
32,12,482,3
33,13,482,4
34,14,482,5
35,15,482,6
36,15,482,6
37,16,482,8
38,14,482,5
39,15,482,6
40,16,482,8
41,15,482,6
42,17,482,9
43,16,482,8
44,18,482,10
45,18,482,10
46,16,482,8
47,19,482,8
48,20,482,9
49,15,482,6
50,21,482,7
51,16,482,8
52,22,22,0
53,22,22,0
54,22,22,0
55,22,22,0
56,22,22,0
57,23,22,1
58,24,22,2
59,25,22,3
60,24,22,2
61,22,22,0
62,26,22,4
63,27,22,5
64,28,22,6
65,27,22,5
66,26,22,4
67,28,22,6
68,28,22,6
69,29,22,7
70,29,22,7
71,27,22,5
72,28,22,6
73,28,22,6
74,28,22,6
75,28,22,6
76,30,22,6
77,28,22,6
78,31,31,0
79,31,31,0
80,31,31,0
81,31,31,0
82,31,31,0
83,32,31,1
84,33,31,2
85,34,31,3
86,31,31,0
87,35,31,4
88,35,31,4
89,36,31,5
90,36,31,5
91,35,31,4
92,36,31,5
93,37,31,6
94,37,31,6
95,38,31,6
96,39,31,7
97,37,31,6
98,36,31,5
99,40,31,7
100,39,31,7
101,38,31,6
102,37,31,6
103,38,31,6
104,41,41,0
105,42,41,1
106,43,41,2
107,41,41,0
108,41,41,0
109,41,41,0
110,44,41,3
111,45,41,4
112,45,41,4
113,45,41,4
114,44,41,3
115,45,41,4
116,45,41,4
117,45,41,4
118,46,41,5
119,47,41,6
120,45,41,4
121,47,41,6
122,47,41,6
123,45,41,4
124,45,41,4
125,47,41,6
126,48,41,6
127,47,41,6
128,47,41,6
129,45,41,4
130,49,49,0
131,49,49,0
132,49,49,0
133,49,49,0
134,49,49,0
135,49,49,0
136,50,49,1
137,49,49,0
138,51,49,2
139,52,49,3
140,53,49,4
141,53,49,4
142,54,49,7
143,53,49,4
144,53,49,4
145,55,49,8
146,55,49,8
147,55,49,8
148,56,49,7
149,53,49,4
150,57,49,8
151,58,49,5
152,59,49,6
153,60,49,5
154,61,49,3
155,62,49,4
156,63,63,0
157,64,63,1
158,65,63,2
159,63,63,0
160,63,63,0
161,63,63,0
162,66,63,3
163,67,63,4
164,67,63,4
165,67,63,4
166,66,63,3
167,67,63,4
168,68,63,6
169,69,63,7
170,69,63,7
171,67,63,4
172,69,63,7
173,70,63,8
174,69,63,7
175,71,63,6
176,68,63,6
177,70,63,8
178,72,63,7
179,73,63,5
180,68,63,6
181,74,63,5
182,75,75,0
183,76,75,1
184,77,75,2
185,75,75,0
186,75,75,0
187,75,75,0
188,78,75,6
189,79,75,7
190,80,75,8
191,80,75,8
192,77,75,2
193,79,75,7
194,78,75,6
195,81,75,9
196,77,75,2
197,81,75,9
198,81,75,9
199,82,75,6
200,83,75,7
201,84,75,3
202,85,75,4
203,86,75,4
204,87,75,5
205,88,75,5
206,89,75,5
207,90,75,5
208,91,91,0
209,91,91,0
210,91,91,0
211,91,91,0
212,92,91,1
213,91,91,0
214,91,91,0
215,93,91,2
216,94,91,3
217,95,91,4
218,95,91,4
219,95,91,4
220,96,91,5
221,97,91,6
222,95,91,4
223,97,91,6
224,96,91,5
225,98,91,7
226,98,91,7
227,97,91,6
228,98,91,7
229,99,91,6
230,96,91,5
231,98,91,7
232,100,91,7
233,98,91,7
234,101,101,0
235,102,101,1
236,101,101,0
237,101,101,0
238,101,101,0
239,103,101,2
240,104,101,3
241,104,101,3
242,105,101,4
243,106,101,5
244,106,101,5
245,106,101,5
246,107,101,6
247,106,101,5
248,106,101,5
249,107,101,6
250,108,101,7
251,105,101,4
252,108,101,7
253,106,101,5
254,107,101,6
255,109,101,6
256,107,101,6
257,107,101,6
258,110,101,2
259,111,101,7
260,112,112,0
261,112,112,0
262,112,112,0
263,112,112,0
264,112,112,0
265,112,112,0
266,113,112,1
267,114,112,2
268,115,112,3
269,116,112,4
270,116,112,4
271,117,112,5
272,118,112,6
273,119,112,7
274,117,112,5
275,118,112,6
276,119,112,7
277,118,112,6
278,118,112,6
279,119,112,7
280,118,112,6
281,119,112,7
282,120,112,7
283,121,112,4
284,119,112,7
285,122,112,1
286,123,123,0
287,124,123,1
288,125,123,2
289,123,123,0
290,123,123,0
291,123,123,0
292,126,123,3
293,127,123,4
294,126,123,3
295,127,123,4
296,128,123,5
297,129,123,7
298,128,123,5
299,127,123,4
300,127,123,4
301,127,123,4
302,130,123,7
303,129,123,7
304,129,123,7
305,128,123,5
306,128,123,5
307,131,123,6
308,129,123,7
309,131,123,6
310,128,123,5
311,132,123,4
312,133,133,0
313,133,133,0
314,133,133,0
315,133,133,0
316,133,133,0
317,133,133,0
318,134,133,1
319,135,133,2
320,136,133,3
321,137,133,4
322,136,133,3
323,138,133,5
324,137,133,4
325,139,133,8
326,138,133,5
327,139,133,8
328,140,133,8
329,138,133,5
330,141,133,7
331,139,133,8
332,137,133,4
333,142,133,7
334,143,133,2
335,144,133,3
336,145,133,8
337,146,133,6
338,147,147,0
339,147,147,0
340,147,147,0
341,147,147,0
342,147,147,0
343,148,147,1
344,149,147,2
345,150,147,3
346,151,147,4
347,151,147,4
348,151,147,4
349,152,147,5
350,152,147,5
351,151,147,4
352,152,147,5
353,153,147,6
354,154,147,7
355,152,147,5
356,153,147,6
357,152,147,5
358,155,147,7
359,156,147,6
360,157,147,2
361,153,147,6
362,156,147,6
363,158,147,2
364,159,159,0
365,159,159,0
366,159,159,0
367,159,159,0
368,159,159,0
369,159,159,0
370,160,159,1
371,161,159,2
372,159,159,0
373,162,159,3
374,159,159,0
375,163,159,4
376,164,159,5
377,163,159,4
378,165,159,6
379,163,159,4
380,165,159,6
381,165,159,6
382,163,159,4
383,163,159,4
384,164,159,5
385,166,159,7
386,165,159,6
387,167,159,7
388,168,159,6
389,163,159,4
390,169,169,0
391,169,169,0
392,169,169,0
393,169,169,0
394,170,169,1
395,169,169,0
396,171,169,5
397,172,169,6
398,173,169,7
399,169,169,0
400,169,169,0
401,174,169,8
402,175,169,9
403,175,169,9
404,174,169,8
405,174,169,8
406,176,169,5
407,177,169,6
408,178,169,2
409,179,169,3
410,180,169,4
411,181,169,4
412,182,169,2
413,183,169,3
414,184,169,5
415,185,169,1
416,186,186,0
417,186,186,0
418,187,186,1
419,186,186,0
420,186,186,0
421,188,186,2
422,189,186,3
423,190,186,4
424,190,186,4
425,189,186,3
426,189,186,3
427,190,186,4
428,191,186,5
429,190,186,4
430,192,186,6
431,189,186,3
432,193,186,7
433,193,186,7
434,193,186,7
435,191,186,5
436,193,186,7
437,193,186,7
438,191,186,5
439,193,186,7
440,193,186,7
441,194,186,4
442,195,195,0
443,195,195,0
444,195,195,0
445,195,195,0
446,195,195,0
447,195,195,0
448,196,195,1
449,197,195,2
450,198,195,3
451,198,195,3
452,199,195,4
453,199,195,4
454,200,195,5
455,199,195,4
456,201,195,7
457,200,195,5
458,201,195,7
459,200,195,5
460,202,195,8
461,200,195,5
462,203,195,7
463,204,195,8
464,200,195,5
465,205,195,1
466,206,195,8
467,207,195,6
468,208,208,0
469,209,208,1
470,208,208,0
471,208,208,0
472,208,208,0
473,208,208,0
474,210,208,2
475,211,208,3
476,212,208,4
477,208,208,0
478,211,208,3
479,212,208,4
480,213,208,6
481,212,208,4
482,214,208,7
483,215,208,8
484,215,208,8
485,216,208,6
486,214,208,7
487,212,208,4
488,217,208,7
489,218,208,7
490,219,208,5
491,220,208,6
492,221,208,7
493,222,208,5
494,223,223,0
495,223,223,0
496,223,223,0
497,224,223,1
498,223,223,0
499,223,223,0
500,225,223,2
501,226,223,3
502,227,223,4
503,227,223,4
504,227,223,4
505,228,223,5
506,227,223,4
507,229,223,6
508,228,223,5
509,229,223,6
510,230,223,7
511,228,223,5
512,229,223,6
513,230,223,7
514,228,223,5
515,230,223,7
516,231,223,1
517,232,223,7
518,233,223,5
519,234,223,4
520,235,235,0
521,235,235,0
522,236,235,1
523,235,235,0
524,235,235,0
525,237,235,2
526,235,235,0
527,238,235,3
528,235,235,0
529,239,235,6
530,240,235,7
531,237,235,2
532,239,235,6
533,240,235,7
534,241,235,8
535,240,235,7
536,242,235,7
537,240,235,7
538,243,235,9
539,244,235,8
540,245,235,6
541,246,235,7
542,247,235,4
543,248,235,5
544,240,235,7
545,239,235,6
546,249,249,0
547,249,249,0
548,249,249,0
549,249,249,0
550,249,249,0
551,249,249,0
552,250,249,1
553,251,249,2
554,252,249,3
555,253,249,4
556,253,249,4
557,254,249,6
558,254,249,6
559,255,249,7
560,256,249,8
561,253,249,4
562,257,249,6
563,256,249,8
564,258,249,7
565,259,249,5
566,254,249,6
567,260,249,6
568,254,249,6
569,254,249,6
570,261,249,5
571,254,249,6
572,262,262,0
573,262,262,0
574,262,262,0
575,263,262,1
576,262,262,0
577,262,262,0
578,264,262,2
579,265,262,3
580,266,262,4
581,267,262,5
582,266,262,4
583,268,262,6
584,269,262,7
585,267,262,5
586,267,262,5
587,267,262,5
588,267,262,5
589,268,262,6
590,267,262,5
591,267,262,5
592,267,262,5
593,267,262,5
594,270,262,6
595,271,262,5
596,272,262,7
597,268,262,6
598,273,273,0
599,273,273,0
600,273,273,0
601,273,273,0
602,273,273,0
603,274,273,1
604,275,273,2
605,276,273,5
606,276,273,5
607,276,273,5
608,273,273,0
609,277,273,6
610,278,273,7
611,279,273,8
612,280,273,9
613,279,273,8
614,278,273,7
615,278,273,7
616,278,273,7
617,278,273,7
618,280,273,9
619,281,273,5
620,282,273,6
621,283,273,3
622,284,273,4
623,276,273,5
624,285,285,0
625,285,285,0
626,285,285,0
627,286,285,1
628,287,285,2
629,285,285,0
630,285,285,0
631,288,285,3
632,289,285,4
633,289,285,4
634,289,285,4
635,290,285,7
636,289,285,4
637,290,285,7
638,291,285,7
639,290,285,7
640,292,285,5
641,290,285,7
642,291,285,7
643,288,285,3
644,292,285,5
645,293,285,6
646,290,285,7
647,292,285,5
648,294,285,6
649,292,285,5
650,295,295,0
651,295,295,0
652,296,295,1
653,297,295,2
654,295,295,0
655,295,295,0
656,298,295,4
657,299,295,5
658,295,295,0
659,295,295,0
660,297,295,2
661,300,295,6
662,301,295,7
663,301,295,7
664,299,295,5
665,302,295,8
666,302,295,8
667,302,295,8
668,301,295,7
669,302,295,8
670,301,295,7
671,301,295,7
672,303,295,4
673,304,295,5
674,301,295,7
675,305,295,3
676,306,306,0
677,306,306,0
678,306,306,0
679,306,306,0
680,306,306,0
681,306,306,0
682,307,306,1
683,308,306,2
684,309,306,3
685,310,306,4
686,310,306,4
687,310,306,4
688,309,306,3
689,310,306,4
690,310,306,4
691,310,306,4
692,311,306,5
693,310,306,4
694,312,306,6
695,311,306,5
696,310,306,4
697,310,306,4
698,313,306,7
699,312,306,6
700,314,306,2
701,315,306,3
702,316,316,0
703,316,316,0
704,317,316,1
705,318,316,2
706,316,316,0
707,316,316,0
708,319,316,3
709,320,316,4
710,319,316,3
711,321,316,5
712,320,316,4
713,321,316,5
714,322,316,6
715,322,316,6
716,320,316,4
717,321,316,5
718,321,316,5
719,321,316,5
720,322,316,6
721,321,316,5
722,322,316,6
723,322,316,6
724,323,316,7
725,324,316,6
726,322,316,6
727,325,316,6
728,326,326,0
729,327,326,1
730,326,326,0
731,328,326,2
732,326,326,0
733,326,326,0
734,329,326,3
735,328,326,2
736,330,326,4
737,331,326,5
738,331,326,5
739,331,326,5
740,331,326,5
741,331,326,5
742,331,326,5
743,330,326,4
744,332,326,7
745,331,326,5
746,331,326,5
747,331,326,5
748,331,326,5
749,333,326,7
750,334,326,6
751,332,326,7
752,331,326,5
753,331,326,5
754,335,335,0
755,335,335,0
756,335,335,0
757,335,335,0
758,336,335,1
759,335,335,0
760,335,335,0
761,337,335,2
762,338,335,3
763,335,335,0
764,339,335,4
765,339,335,4
766,340,335,5
767,339,335,4
768,341,335,6
769,340,335,5
770,342,335,7
771,342,335,7
772,339,335,4
773,342,335,7
774,339,335,4
775,341,335,6
776,343,335,6
777,343,335,6
778,341,335,6
779,342,335,7
780,344,344,0
781,344,344,0
782,345,344,1
783,344,344,0
784,344,344,0
785,346,344,2
786,347,344,3
787,348,344,4
788,347,344,3
789,348,344,4
790,348,344,4
791,349,344,6
792,350,344,7
793,348,344,4
794,344,344,0
795,350,344,7
796,351,344,8
797,350,344,7
798,350,344,7
799,352,344,6
800,353,344,7
801,354,344,5
802,355,344,5
803,349,344,6
804,356,344,5
805,357,344,5
806,358,358,0
807,358,358,0
808,358,358,0
809,358,358,0
810,358,358,0
811,358,358,0
812,359,358,1
813,360,358,2
814,358,358,0
815,361,358,3
816,362,358,4
817,363,358,5
818,363,358,5
819,362,358,4
820,363,358,5
821,363,358,5
822,364,358,6
823,364,358,6
824,364,358,6
825,365,358,7
826,362,358,4
827,365,358,7
828,365,358,7
829,364,358,6
830,363,358,5
831,365,358,7
832,366,366,0
833,367,366,1
834,366,366,0
835,368,366,2
836,366,366,0
837,369,366,3
838,370,366,4
839,369,366,3
840,369,366,3
841,371,366,5
842,369,366,3
843,372,366,6
844,371,366,5
845,370,366,4
846,373,366,7
847,371,366,5
848,372,366,6
849,372,366,6
850,373,366,7
851,371,366,5
852,372,366,6
853,372,366,6
854,373,366,7
855,373,366,7
856,373,366,7
857,373,366,7
858,374,374,0
859,374,374,0
860,374,374,0
861,374,374,0
862,374,374,0
863,374,374,0
864,375,374,1
865,374,374,0
866,376,374,2
867,377,374,3
868,377,374,3
869,378,374,4
870,379,374,5
871,378,374,4
872,378,374,4
873,380,374,6
874,380,374,6
875,380,374,6
876,381,374,7
877,380,374,6
878,380,374,6
879,380,374,6
880,380,374,6
881,382,374,2
882,383,374,6
883,380,374,6
884,384,384,0
885,385,384,1
886,384,384,0
887,384,384,0
888,384,384,0
889,384,384,0
890,386,384,2
891,387,384,3
892,387,384,3
893,388,384,4
894,384,384,0
895,389,384,5
896,389,384,5
897,390,384,7
898,388,384,4
899,390,384,7
900,390,384,7
901,391,384,8
902,392,384,7
903,389,384,5
904,393,384,8
905,393,384,8
906,394,384,8
907,395,384,5
908,390,384,7
909,396,384,6
910,397,397,0
911,397,397,0
912,397,397,0
913,397,397,0
914,397,397,0
915,397,397,0
916,398,397,1
917,399,397,5
918,397,397,0
919,397,397,0
920,400,397,6
921,401,397,7
922,402,397,8
923,403,397,9
924,403,397,9
925,403,397,9
926,404,397,5
927,405,397,6
928,406,397,4
929,407,397,4
930,408,397,5
931,409,397,3
932,410,397,3
933,411,397,4
934,412,397,2
935,413,397,2
936,414,414,0
937,414,414,0
938,414,414,0
939,414,414,0
940,414,414,0
941,414,414,0
942,415,414,1
943,416,414,2
944,417,414,3
945,414,414,0
946,418,414,5
947,417,414,3
948,419,414,6
949,417,414,3
950,420,414,7
951,418,414,5
952,420,414,7
953,420,414,7
954,421,414,8
955,421,414,8
956,418,414,5
957,422,414,5
958,420,414,7
959,423,414,6
960,424,414,6
961,425,414,4
962,426,426,0
963,426,426,0
964,426,426,0
965,426,426,0
966,426,426,0
967,426,426,0
968,427,426,1
969,426,426,0
970,428,426,2
971,429,426,3
972,430,426,4
973,431,426,5
974,431,426,5
975,429,426,3
976,432,426,6
977,432,426,6
978,432,426,6
979,432,426,6
980,433,426,7
981,433,426,7
982,432,426,6
983,434,426,3
984,435,426,1
985,433,426,7
986,436,426,2
987,437,426,1
988,438,438,0
989,438,438,0
990,439,438,1
991,438,438,0
992,438,438,0
993,438,438,0
994,440,438,2
995,441,438,3
996,441,438,3
997,441,438,3
998,441,438,3
999,442,438,9
1000,441,438,3
1001,442,438,9
1002,443,438,10
1003,443,438,10
1004,444,438,9
1005,445,438,10
1006,446,438,4
1007,447,438,7
1008,447,438,7
1009,448,438,7
1010,449,438,8
1011,450,438,8
1012,451,438,5
1013,452,438,6
1014,453,453,0
1015,454,453,1
1016,453,453,0
1017,455,453,2
1018,456,453,3
1019,455,453,2
1020,457,453,4
1021,458,453,5
1022,458,453,5
1023,458,453,5
1024,458,453,5
1025,458,453,5
1026,458,453,5
1027,459,453,6
1028,457,453,4
1029,458,453,5
1030,460,453,7
1031,459,453,6
1032,460,453,7
1033,458,453,5
1034,460,453,7
1035,460,453,7
1036,458,453,5
1037,460,453,7
1038,459,453,6
1039,461,453,4
1040,462,462,0
1041,462,462,0
1042,463,462,1
1043,462,462,0
1044,464,462,2
1045,462,462,0
1046,462,462,0
1047,465,462,3
1048,466,462,4
1049,462,462,0
1050,466,462,4
1051,467,462,5
1052,466,462,4
1053,466,462,4
1054,466,462,4
1055,466,462,4
1056,468,462,6
1057,469,462,7
1058,470,462,5
1059,471,462,6
1060,472,462,6
1061,473,462,3
1062,474,462,5
1063,475,462,3
1064,476,462,4
1065,477,462,7
1066,478,482,3
1067,479,482,2
1068,480,482,3
1069,481,482,4
1070,481,482,4
1071,482,482,0
1072,483,482,1
1073,479,482,2
1074,479,482,2
1075,480,482,3
1076,481,482,4
1077,484,482,5
1078,481,482,4
1079,481,482,4
1080,481,482,4
1081,481,482,4
1082,484,482,5
1083,485,482,7
1084,481,482,4
1085,481,482,4
1086,481,482,4
1087,486,482,7
1088,487,482,6
1089,488,482,6
1090,489,482,5
1091,484,482,5
