seqID,cluster,ancestor
0,428,96
1,498,96
2,844,96
3,428,96
4,553,96
5,199,96
6,294,96
7,96,96
8,824,96
9,182,96
10,578,96
11,116,96
12,546,546
13,77,77
14,198,96
15,970,970
16,780,780
17,489,489
18,560,560
19,250,250
20,56,56
21,106,106
22,693,693
23,701,701
24,318,318
25,959,959
26,125,117
27,332,117
28,117,117
29,125,117
30,630,117
31,219,117
32,799,117
33,707,117
34,575,117
35,351,117
36,712,117
37,273,117
38,928,117
39,187,117
40,150,150
41,392,392
42,1028,1028
43,274,117
44,244,244
45,883,883
46,266,266
47,313,313
48,230,230
49,819,819
50,217,217
51,85,85
52,194,136
53,695,136
54,895,136
55,645,136
56,565,136
57,194,136
58,602,136
59,136,136
60,356,136
61,350,136
62,376,136
63,664,664
64,788,788
65,196,196
66,768,768
67,623,623
68,374,374
69,1023,1023
70,271,271
71,479,136
72,445,445
73,740,740
74,731,731
75,343,343
76,437,437
77,410,410
78,832,579
79,496,93
80,517,93
81,571,93
82,832,579
83,245,68
84,159,93
85,627,579
86,772,579
87,708,662
88,969,579
89,702,702
90,579,579
91,662,662
92,68,68
93,252,252
94,734,734
95,361,361
96,484,484
97,295,295
98,93,93
99,982,982
100,816,816
101,345,345
102,940,940
103,470,470
104,135,35
105,603,404
106,518,488
107,208,204
108,932,725
109,562,404
110,956,404
111,725,725
112,404,404
113,723,488
114,924,404
115,960,960
116,488,488
117,759,759
118,35,35
119,944,944
120,477,477
121,789,789
122,805,805
123,204,204
124,829,829
125,765,765
126,880,880
127,692,692
128,916,916
129,513,513
130,25,25
131,690,25
132,268,25
133,92,25
134,25,25
135,25,25
136,39,25
137,672,25
138,612,25
139,862,25
140,898,25
141,967,25
142,665,25
143,620,25
144,329,25
145,648,25
146,99,99
147,285,25
148,902,902
149,426,25
150,598,25
151,195,195
152,310,310
153,552,552
154,846,846
155,69,25
156,67,3
157,872,3
158,501,3
159,67,3
160,67,3
161,67,3
162,65,3
163,977,3
164,3,3
165,185,3
166,288,3
167,269,3
168,736,736
169,850,3
170,981,3
171,896,3
172,756,3
173,1,1
174,213,213
175,30,30
176,823,823
177,568,568
178,251,251
179,1017,1017
180,205,205
181,897,897
182,292,6
183,646,6
184,544,6
185,292,6
186,792,6
187,851,6
188,1031,137
189,964,6
190,706,6
191,254,254
192,105,6
193,390,6
194,137,137
195,1013,1013
196,6,6
197,639,639
198,128,128
199,308,308
200,533,533
201,818,818
202,993,993
203,375,375
204,937,937
205,192,192
206,448,448
207,555,555
208,43,43
209,997,43
210,312,43
211,1032,43
212,326,43
213,717,43
214,43,43
215,508,43
216,584,43
217,189,43
218,287,43
219,992,43
220,755,43
221,611,43
222,181,43
223,115,43
224,1024,43
225,654,43
226,947,947
227,588,43
228,876,43
229,833,833
230,529,529
231,261,261
232,10,10
233,622,622
234,72,72
235,72,72
236,592,72
237,460,72
238,174,72
239,848,72
240,637,72
241,854,72
242,408,72
243,447,72
244,978,72
245,173,72
246,776,72
247,747,72
248,339,72
249,290,72
250,519,519
251,357,72
252,388,388
253,899,72
254,1018,72
255,82,82
256,97,97
257,849,849
258,64,64
259,636,636
260,31,31
261,257,31
262,1000,31
263,911,31
264,549,31
265,31,31
266,297,31
267,635,31
268,81,31
269,52,31
270,709,31
271,543,31
272,58,31
273,955,31
274,653,31
275,1003,31
276,63,63
277,476,476
278,465,465
279,76,31
280,647,31
281,158,158
282,825,825
283,411,411
284,540,540
285,114,114
286,520,224
287,963,224
288,925,358
289,520,224
290,520,224
291,520,224
292,317,224
293,965,224
294,349,224
295,224,224
296,966,224
297,888,888
298,587,224
299,917,224
300,514,514
301,487,224
302,98,98
303,468,468
304,358,358
305,331,331
306,628,224
307,659,659
308,260,260
309,791,791
310,886,886
311,473,473
312,7,7
313,7,7
314,362,7
315,980,7
316,480,7
317,156,7
318,705,7
319,367,7
320,140,7
321,227,7
322,795,7
323,201,7
324,276,7
325,505,7
326,586,7
327,483,7
328,461,461
329,774,7
330,396,396
331,270,270
332,397,7
333,482,482
334,831,831
335,478,478
336,348,348
337,36,36
338,37,37
339,466,37
340,1030,37
341,258,37
342,37,37
343,80,37
344,594,37
345,450,37
346,278,37
347,921,37
348,378,37
349,711,37
350,700,37
351,667,37
352,931,37
353,446,37
354,715,37
355,864,864
356,655,37
357,160,37
358,420,420
359,70,70
360,889,889
361,215,215
362,148,37
363,906,906
364,186,176
365,452,176
366,1011,176
367,186,176
368,186,176
369,422,176
370,874,176
371,385,176
372,176,176
373,394,176
374,950,176
375,481,176
376,809,176
377,748,176
378,716,176
379,364,364
380,536,536
381,382,382
382,209,176
383,1025,1025
384,875,875
385,42,42
386,75,75
387,2,2
388,507,507
389,601,176
390,88,54
391,666,464
392,88,54
393,88,54
394,838,464
395,123,54
396,352,54
397,132,54
398,582,582
399,286,54
400,550,464
401,1015,464
402,912,912
403,570,570
404,54,54
405,464,464
406,475,475
407,936,936
408,395,395
409,409,409
410,757,757
411,414,414
412,878,878
413,545,545
414,293,293
415,935,935
416,190,34
417,391,34
418,134,34
419,190,34
420,908,34
421,1021,34
422,320,34
423,506,34
424,238,34
425,34,34
426,311,34
427,218,34
428,71,34
429,48,34
430,991,991
431,681,681
432,644,644
433,820,820
434,413,413
435,839,681
436,684,684
437,177,177
438,800,800
439,203,203
440,103,103
441,49,49
442,180,141
443,296,141
444,180,141
445,180,141
446,180,141
447,180,141
448,337,337
449,1016,994
450,987,141
451,231,141
452,463,141
453,569,141
454,802,141
455,994,994
456,232,232
457,141,141
458,315,315
459,953,953
460,11,11
461,107,107
462,732,732
463,164,164
464,618,618
465,163,163
466,873,873
467,877,877
468,51,51
469,51,51
470,170,51
471,614,51
472,161,51
473,785,51
474,608,51
475,168,51
476,782,51
477,341,51
478,440,51
479,657,51
480,767,767
481,433,51
482,585,585
483,724,51
484,775,51
485,541,541
486,691,691
487,814,51
488,728,728
489,1001,1001
490,319,319
491,259,51
492,597,597
493,79,79
494,8,8
495,760,8
496,8,8
497,892,8
498,941,8
499,677,8
500,609,8
501,325,8
502,510,8
503,240,8
504,971,8
505,499,8
506,353,8
507,856,8
508,236,8
509,590,8
510,615,615
511,1035,8
512,302,8
513,613,613
514,94,94
515,46,46
516,1007,1007
517,323,8
518,699,699
519,606,606
520,207,126
521,346,126
522,685,126
523,784,126
524,207,126
525,126,126
526,583,126
527,457,126
528,985,126
529,857,126
530,811,126
531,537,126
532,625,126
533,272,126
534,718,126
535,907,126
536,494,494
537,758,758
538,74,74
539,596,596
540,324,324
541,786,786
542,416,416
543,922,922
544,640,640
545,535,535
546,304,14
547,417,14
548,304,14
549,777,14
550,561,14
551,405,14
552,1034,14
553,14,14
554,870,14
555,370,14
556,157,14
557,90,90
558,779,14
559,307,307
560,451,451
561,904,14
562,436,436
563,680,680
564,340,340
565,389,389
566,328,328
567,591,591
568,527,527
569,469,469
570,78,78
571,237,237
572,59,17
573,995,193
574,216,193
575,255,193
576,714,193
577,454,275
578,335,275
579,467,275
580,530,193
581,929,275
582,193,193
583,239,239
584,336,336
585,275,275
586,102,102
587,836,836
588,790,790
589,807,807
590,167,167
591,248,248
592,845,845
593,334,334
594,17,17
595,228,228
596,86,86
597,621,621
598,808,649
599,327,235
600,905,511
601,431,166
602,531,166
603,548,511
604,511,511
605,62,19
606,999,649
607,649,649
608,243,166
609,573,573
610,720,166
611,509,509
612,84,84
613,300,300
614,235,235
615,19,19
616,166,166
617,214,214
618,497,497
619,984,984
620,1008,1008
621,773,773
622,154,154
623,750,750
624,432,142
625,432,142
626,432,142
627,144,142
628,727,142
629,432,142
630,142,142
631,983,524
632,472,142
633,794,524
634,322,142
635,16,16
636,761,142
637,557,557
638,986,142
639,551,524
640,1006,142
641,643,643
642,262,262
643,524,524
644,859,859
645,267,267
646,804,804
647,738,738
648,131,131
649,926,926
650,442,314
651,442,314
652,495,314
653,1014,314
654,169,104
655,223,104
656,942,942
657,948,314
658,821,314
659,713,314
660,314,314
661,528,528
662,660,660
663,104,104
664,726,726
665,842,842
666,444,444
667,532,532
668,121,121
669,406,406
670,456,456
671,435,435
672,277,277
673,605,605
674,280,280
675,471,471
676,13,9
677,1005,9
678,828,9
679,538,9
680,13,9
681,13,9
682,631,9
683,739,9
684,282,9
685,9,9
686,133,9
687,171,9
688,101,9
689,882,9
690,745,9
691,890,9
692,403,403
693,493,9
694,754,754
695,751,751
696,976,976
697,887,887
698,563,563
699,462,462
700,15,15
701,1010,1010
702,191,153
703,253,153
704,191,153
705,393,153
706,893,153
707,938,153
708,1036,365
709,642,153
710,651,153
711,539,153
712,153,153
713,556,556
714,990,153
715,453,453
716,309,153
717,589,589
718,220,220
719,365,365
720,38,38
721,743,743
722,949,949
723,298,298
724,801,801
725,558,558
726,682,153
727,45,45
728,87,87
729,1026,87
730,87,87
731,503,87
732,961,87
733,958,87
734,979,87
735,787,87
736,632,87
737,952,87
738,837,87
739,869,87
740,386,87
741,119,87
742,930,87
743,733,87
744,669,669
745,1002,87
746,796,87
747,900,87
748,861,87
749,491,491
750,516,516
751,945,945
752,703,87
753,234,234
754,139,139
755,572,139
756,139,139
757,425,139
758,658,139
759,316,139
760,283,139
761,381,139
762,822,139
763,430,139
764,763,139
765,939,139
766,600,139
767,1009,139
768,817,139
769,753,139
770,383,383
771,595,139
772,580,580
773,770,139
774,813,139
775,633,633
776,913,913
777,73,73
778,868,868
779,27,27
780,111,100
781,641,100
782,554,100
783,111,100
784,120,100
785,581,100
786,387,387
787,100,100
788,577,100
789,843,100
790,661,100
791,12,12
792,806,806
793,28,28
794,674,100
795,429,429
796,321,321
797,502,502
798,146,146
799,398,398
800,894,894
801,957,957
802,855,855
803,793,793
804,1027,1027
805,901,901
806,22,22
807,865,22
808,22,22
809,369,22
810,130,22
811,593,22
812,534,22
813,347,22
814,852,22
815,178,22
816,41,22
817,722,22
818,650,22
819,229,22
820,143,22
821,766,22
822,265,265
823,735,22
824,379,379
825,1020,1020
826,26,22
827,47,47
828,155,155
829,858,858
830,279,279
831,284,284
832,113,29
833,490,29
834,113,29
835,113,29
836,113,29
837,968,29
838,110,29
839,423,29
840,29,29
841,884,29
842,746,29
843,853,853
844,57,57
845,66,29
846,918,29
847,678,29
848,61,61
849,697,697
850,418,418
851,384,384
852,221,221
853,910,910
854,604,604
855,710,710
856,4,4
857,206,206
858,576,402
859,998,402
860,242,18
861,576,402
862,55,18
863,20,18
864,920,372
865,881,402
866,826,402
867,402,402
868,866,402
869,372,372
870,973,402
871,1012,1012
872,525,402
873,542,402
874,371,371
875,815,402
876,567,567
877,18,18
878,412,412
879,610,610
880,149,149
881,1029,1029
882,835,835
883,810,810
884,109,5
885,687,5
886,778,5
887,184,5
888,915,5
889,330,5
890,211,5
891,616,5
892,696,5
893,172,5
894,5,5
895,129,5
896,974,5
897,830,830
898,634,5
899,547,5
900,202,202
901,44,5
902,885,885
903,689,689
904,783,783
905,523,523
906,683,683
907,1022,1022
908,686,686
909,607,607
910,21,21
911,927,21
912,21,21
913,521,21
914,127,21
915,962,21
916,233,21
917,827,21
918,629,21
919,368,21
920,624,21
921,688,21
922,841,21
923,359,21
924,212,21
925,798,21
926,363,363
927,771,771
928,474,21
929,247,247
930,996,996
931,803,803
932,749,749
933,354,354
934,122,122
935,834,834
936,60,60
937,60,60
938,60,60
939,933,60
940,60,60
941,60,60
942,671,60
943,434,60
944,847,60
945,60,60
946,559,60
947,656,60
948,241,60
949,438,60
950,249,60
951,744,60
952,210,60
953,752,60
954,455,455
955,124,60
956,737,60
957,147,147
958,742,60
959,401,401
960,512,512
961,694,694
962,118,118
963,485,118
964,333,118
965,781,118
966,118,118
967,299,118
968,305,118
969,1033,118
970,676,118
971,151,118
972,289,118
973,256,256
974,424,118
975,721,118
976,566,118
977,152,118
978,972,118
979,225,225
980,879,118
981,183,118
982,439,439
983,415,415
984,903,903
985,291,291
986,923,923
987,441,441
988,95,40
989,863,112
990,679,246
991,95,40
992,263,112
993,342,112
994,377,377
995,840,112
996,301,112
997,112,112
998,504,112
999,1019,1019
1000,443,112
1001,704,704
1002,812,812
1003,407,377
1004,40,40
1005,246,246
1006,427,427
1007,226,226
1008,175,175
1009,719,719
1010,344,344
1011,515,515
1012,867,867
1013,53,53
1014,943,338
1015,574,162
1016,165,108
1017,197,108
1018,860,162
1019,380,338
1020,769,769
1021,306,162
1022,108,108
1023,338,338
1024,951,951
1025,162,162
1026,24,24
1027,500,500
1028,729,108
1029,668,668
1030,366,366
1031,564,564
1032,871,871
1033,988,988
1034,303,303
1035,23,23
1036,797,797
1037,360,360
1038,91,91
1039,670,670
1040,145,33
1041,599,33
1042,891,83
1043,989,83
1044,764,33
1045,145,33
1046,946,33
1047,934,33
1048,264,33
1049,975,138
1050,83,83
1051,954,954
1052,373,373
1053,638,33
1054,33,33
1055,138,138
1056,741,741
1057,1004,1004
1058,652,652
1059,914,914
1060,459,459
1061,419,419
1062,526,526
1063,200,200
1064,522,522
1065,762,762
1066,89,32
1067,617,32
1068,673,32
1069,355,32
1070,675,32
1071,626,32
1072,188,32
1073,89,32
1074,909,32
1075,698,32
1076,663,32
1077,281,281
1078,619,619
1079,730,730
1080,222,222
1081,919,919
1082,399,399
1083,458,458
1084,421,421
1085,449,449
1086,32,32
1087,400,400
1088,50,50
1089,492,492
1090,486,486
1091,179,179
