seqID,cluster,ancestor,level
0,1,1,0
1,1,1,0
2,2,1,1
3,1,1,0
4,1,1,0
5,1,1,0
6,3,1,2
7,4,1,4
8,5,1,5
9,4,1,4
10,1,1,0
11,6,1,3
12,7,1,6
13,5,1,5
14,7,1,6
15,5,1,5
16,8,1,7
17,7,1,6
18,7,1,6
19,5,1,5
20,7,1,6
21,7,1,6
22,8,1,7
23,7,1,6
24,9,1,7
25,8,1,7
26,10,480,2
27,10,480,2
28,10,480,2
29,10,480,2
30,10,480,2
31,10,480,2
32,11,480,3
33,12,480,5
34,13,480,6
35,14,480,4
36,13,480,6
37,15,480,8
38,13,480,6
39,13,480,6
40,13,480,6
41,16,480,9
42,17,480,10
43,15,480,8
44,16,480,9
45,16,480,9
46,13,480,6
47,18,480,8
48,19,480,9
49,20,480,7
50,15,480,8
51,15,480,8
52,21,21,0
53,21,21,0
54,21,21,0
55,21,21,0
56,21,21,0
57,22,21,1
58,23,21,2
59,24,21,5
60,23,21,2
61,21,21,0
62,25,21,3
63,26,21,4
64,27,21,6
65,26,21,4
66,24,21,5
67,27,21,6
68,27,21,6
69,28,21,7
70,28,21,7
71,27,21,6
72,27,21,6
73,27,21,6
74,27,21,6
75,27,21,6
76,29,21,6
77,27,21,6
78,30,30,0
79,30,30,0
80,30,30,0
81,30,30,0
82,30,30,0
83,31,30,1
84,32,30,2
85,33,30,3
86,30,30,0
87,34,30,4
88,34,30,4
89,35,30,5
90,35,30,5
91,34,30,4
92,35,30,5
93,36,30,6
94,36,30,6
95,37,30,6
96,38,30,7
97,36,30,6
98,35,30,5
99,39,30,7
100,38,30,7
101,37,30,6
102,36,30,6
103,37,30,6
104,40,40,0
105,41,40,1
106,42,40,2
107,40,40,0
108,40,40,0
109,40,40,0
110,43,40,4
111,44,40,3
112,43,40,4
113,43,40,4
114,43,40,4
115,45,40,5
116,43,40,4
117,43,40,4
118,46,40,6
119,46,40,6
120,46,40,6
121,46,40,6
122,45,40,5
123,46,40,6
124,43,40,4
125,46,40,6
126,46,40,6
127,47,40,7
128,47,40,7
129,46,40,6
130,48,48,0
131,48,48,0
132,48,48,0
133,48,48,0
134,48,48,0
135,48,48,0
136,49,48,1
137,48,48,0
138,50,48,3
139,51,48,5
140,52,48,2
141,51,48,5
142,53,48,6
143,54,48,4
144,51,48,5
145,54,48,4
146,55,48,7
147,55,48,7
148,56,48,6
149,54,48,4
150,53,48,6
151,51,48,5
152,51,48,5
153,57,48,6
154,58,48,5
155,59,48,6
156,60,60,0
157,61,60,1
158,62,60,2
159,60,60,0
160,60,60,0
161,60,60,0
162,63,60,3
163,64,60,4
164,64,60,4
165,64,60,4
166,63,60,3
167,64,60,4
168,65,60,6
169,66,60,7
170,66,60,7
171,64,60,4
172,66,60,7
173,67,60,8
174,66,60,7
175,68,60,6
176,65,60,6
177,67,60,8
178,69,60,7
179,70,60,5
180,65,60,6
181,71,60,5
182,72,72,0
183,73,72,1
184,74,72,2
185,72,72,0
186,72,72,0
187,72,72,0
188,75,72,6
189,76,72,7
190,77,72,8
191,77,72,8
192,74,72,2
193,76,72,7
194,75,72,6
195,78,72,9
196,74,72,2
197,78,72,9
198,78,72,9
199,79,72,6
200,80,72,7
201,81,72,3
202,82,72,4
203,83,72,4
204,84,72,5
205,85,72,5
206,86,72,5
207,87,72,5
208,88,88,0
209,88,88,0
210,88,88,0
211,88,88,0
212,89,88,1
213,88,88,0
214,88,88,0
215,90,88,3
216,91,88,2
217,92,88,4
218,90,88,3
219,92,88,4
220,93,88,5
221,94,88,6
222,92,88,4
223,94,88,6
224,93,88,5
225,95,88,7
226,95,88,7
227,94,88,6
228,95,88,7
229,96,88,6
230,93,88,5
231,95,88,7
232,97,88,7
233,95,88,7
234,98,98,0
235,99,98,1
236,98,98,0
237,98,98,0
238,98,98,0
239,100,98,2
240,101,98,3
241,101,98,3
242,102,98,4
243,103,98,5
244,103,98,5
245,103,98,5
246,104,98,6
247,103,98,5
248,103,98,5
249,104,98,6
250,105,98,7
251,102,98,4
252,105,98,7
253,103,98,5
254,104,98,6
255,106,98,6
256,104,98,6
257,104,98,6
258,107,98,2
259,108,98,7
260,109,109,0
261,109,109,0
262,109,109,0
263,109,109,0
264,109,109,0
265,109,109,0
266,110,109,1
267,111,109,4
268,112,109,2
269,113,109,3
270,111,109,4
271,114,109,5
272,115,109,6
273,111,109,4
274,114,109,5
275,115,109,6
276,116,109,7
277,115,109,6
278,111,109,4
279,116,109,7
280,115,109,6
281,116,109,7
282,116,109,7
283,117,109,3
284,118,109,7
285,119,109,1
286,120,120,0
287,121,120,1
288,122,120,2
289,120,120,0
290,120,120,0
291,120,120,0
292,123,120,4
293,124,120,3
294,124,120,3
295,123,120,4
296,125,120,5
297,126,120,7
298,125,120,5
299,124,120,3
300,124,120,3
301,125,120,5
302,127,120,7
303,126,120,7
304,126,120,7
305,125,120,5
306,125,120,5
307,128,120,6
308,126,120,7
309,128,120,6
310,125,120,5
311,129,120,3
312,130,130,0
313,130,130,0
314,130,130,0
315,130,130,0
316,130,130,0
317,130,130,0
318,131,130,1
319,132,130,4
320,133,130,2
321,134,130,3
322,134,130,3
323,135,130,8
324,134,130,3
325,136,130,7
326,136,130,7
327,136,130,7
328,137,130,7
329,136,130,7
330,138,130,8
331,139,130,5
332,136,130,7
333,140,130,6
334,141,130,2
335,142,130,3
336,137,130,7
337,136,130,7
338,143,143,0
339,143,143,0
340,143,143,0
341,143,143,0
342,143,143,0
343,144,143,1
344,145,143,3
345,146,143,5
346,147,143,4
347,148,143,2
348,147,143,4
349,146,143,5
350,149,143,6
351,147,143,4
352,149,143,6
353,149,143,6
354,149,143,6
355,146,143,5
356,146,143,5
357,149,143,6
358,149,143,6
359,149,143,6
360,150,143,2
361,151,143,7
362,149,143,6
363,152,143,3
364,153,153,0
365,153,153,0
366,153,153,0
367,153,153,0
368,153,153,0
369,153,153,0
370,154,153,1
371,155,153,4
372,153,153,0
373,156,153,2
374,153,153,0
375,157,153,3
376,155,153,4
377,155,153,4
378,155,153,4
379,155,153,4
380,155,153,4
381,158,153,7
382,157,153,3
383,159,153,5
384,158,153,7
385,160,153,5
386,155,153,4
387,161,153,7
388,162,153,6
389,163,153,6
390,164,164,0
391,164,164,0
392,164,164,0
393,164,164,0
394,165,164,1
395,164,164,0
396,166,164,7
397,167,164,2
398,168,164,3
399,164,164,0
400,164,164,0
401,169,164,4
402,170,164,8
403,170,164,8
404,166,164,7
405,169,164,4
406,171,164,7
407,172,164,8
408,173,164,5
409,166,164,7
410,174,164,6
411,175,164,6
412,176,164,5
413,177,164,6
414,178,164,7
415,179,164,1
416,180,180,0
417,180,180,0
418,181,180,1
419,180,180,0
420,180,180,0
421,182,180,2
422,183,180,3
423,184,180,4
424,184,180,4
425,183,180,3
426,183,180,3
427,184,180,4
428,185,180,5
429,184,180,4
430,186,180,6
431,183,180,3
432,187,180,7
433,187,180,7
434,187,180,7
435,185,180,5
436,187,180,7
437,187,180,7
438,185,180,5
439,187,180,7
440,187,180,7
441,188,180,4
442,189,189,0
443,189,189,0
444,189,189,0
445,189,189,0
446,189,189,0
447,189,189,0
448,190,189,1
449,191,189,3
450,192,189,2
451,193,189,4
452,194,189,5
453,193,189,4
454,193,189,4
455,194,189,5
456,193,189,4
457,193,189,4
458,194,189,5
459,195,189,6
460,196,189,7
461,197,189,7
462,196,189,7
463,196,189,7
464,196,189,7
465,198,189,1
466,199,189,6
467,200,189,4
468,201,201,0
469,202,201,1
470,201,201,0
471,201,201,0
472,201,201,0
473,201,201,0
474,203,201,3
475,204,201,2
476,203,201,3
477,201,201,0
478,204,201,2
479,205,201,5
480,206,201,7
481,207,201,4
482,208,201,6
483,205,201,5
484,206,201,7
485,209,201,7
486,208,201,6
487,206,201,7
488,205,201,5
489,210,201,5
490,211,201,5
491,212,201,6
492,213,201,6
493,208,201,6
494,214,214,0
495,214,214,0
496,214,214,0
497,215,214,1
498,214,214,0
499,214,214,0
500,216,214,2
501,217,214,5
502,218,214,3
503,219,214,4
504,218,214,3
505,219,214,4
506,218,214,3
507,220,214,6
508,217,214,5
509,217,214,5
510,221,214,7
511,217,214,5
512,220,214,6
513,221,214,7
514,220,214,6
515,221,214,7
516,222,214,1
517,223,214,7
518,223,214,7
519,224,214,3
520,225,225,0
521,225,225,0
522,226,225,1
523,225,225,0
524,225,225,0
525,227,225,2
526,225,225,0
527,228,225,3
528,225,225,0
529,229,225,7
530,230,225,6
531,227,225,2
532,230,225,6
533,230,225,6
534,231,225,9
535,232,225,8
536,233,225,6
537,234,225,7
538,232,225,8
539,235,225,4
540,236,225,5
541,230,225,6
542,230,225,6
543,230,225,6
544,237,225,5
545,238,225,6
546,239,239,0
547,239,239,0
548,239,239,0
549,239,239,0
550,239,239,0
551,239,239,0
552,240,239,1
553,241,239,2
554,242,239,3
555,243,239,4
556,243,239,4
557,244,239,6
558,244,239,6
559,245,239,7
560,246,239,8
561,243,239,4
562,247,239,6
563,246,239,8
564,248,239,7
565,249,239,5
566,244,239,6
567,250,239,6
568,244,239,6
569,244,239,6
570,251,239,5
571,244,239,6
572,252,252,0
573,252,252,0
574,252,252,0
575,253,252,1
576,252,252,0
577,252,252,0
578,254,252,2
579,255,252,5
580,256,252,4
581,257,252,3
582,256,252,4
583,258,252,6
584,259,252,7
585,255,252,5
586,258,252,6
587,258,252,6
588,258,252,6
589,258,252,6
590,259,252,7
591,258,252,6
592,255,252,5
593,255,252,5
594,260,252,6
595,261,252,3
596,262,252,7
597,258,252,6
598,263,263,0
599,263,263,0
600,263,263,0
601,263,263,0
602,263,263,0
603,264,263,1
604,265,263,7
605,266,263,4
606,267,263,5
607,268,263,6
608,263,263,0
609,265,263,7
610,268,263,6
611,269,263,8
612,270,263,9
613,269,263,8
614,269,263,8
615,268,263,6
616,265,263,7
617,269,263,8
618,270,263,9
619,271,263,4
620,272,263,5
621,273,263,2
622,274,263,3
623,267,263,5
624,275,275,0
625,275,275,0
626,275,275,0
627,276,275,1
628,277,275,2
629,275,275,0
630,275,275,0
631,278,275,4
632,279,275,3
633,278,275,4
634,278,275,4
635,280,275,7
636,279,275,3
637,280,275,7
638,281,275,7
639,280,275,7
640,278,275,4
641,280,275,7
642,282,275,5
643,278,275,4
644,281,275,7
645,283,275,6
646,284,275,5
647,285,275,6
648,286,275,6
649,278,275,4
650,287,287,0
651,287,287,0
652,288,287,1
653,289,287,2
654,287,287,0
655,287,287,0
656,290,287,5
657,291,287,3
658,287,287,0
659,287,287,0
660,289,287,2
661,292,287,6
662,293,287,7
663,293,287,7
664,293,287,7
665,294,287,8
666,294,287,8
667,294,287,8
668,293,287,7
669,294,287,8
670,293,287,7
671,293,287,7
672,295,287,5
673,296,287,6
674,293,287,7
675,297,287,4
676,298,298,0
677,298,298,0
678,298,298,0
679,298,298,0
680,298,298,0
681,298,298,0
682,299,298,1
683,300,298,3
684,301,298,5
685,302,298,2
686,303,298,4
687,303,298,4
688,303,298,4
689,303,298,4
690,300,298,3
691,300,298,3
692,303,298,4
693,303,298,4
694,301,298,5
695,304,298,6
696,304,298,6
697,304,298,6
698,304,298,6
699,303,298,4
700,305,298,3
701,306,298,5
702,307,307,0
703,307,307,0
704,308,307,1
705,309,307,2
706,307,307,0
707,307,307,0
708,310,307,3
709,311,307,5
710,310,307,3
711,312,307,4
712,312,307,4
713,313,307,6
714,314,307,7
715,315,307,6
716,311,307,5
717,311,307,5
718,316,307,7
719,311,307,5
720,315,307,6
721,313,307,6
722,315,307,6
723,311,307,5
724,317,307,7
725,313,307,6
726,313,307,6
727,318,307,7
728,319,319,0
729,320,319,1
730,319,319,0
731,321,319,2
732,319,319,0
733,319,319,0
734,322,319,4
735,321,319,2
736,323,319,5
737,324,319,3
738,324,319,3
739,323,319,5
740,323,319,5
741,324,319,3
742,323,319,5
743,324,319,3
744,323,319,5
745,325,319,6
746,323,319,5
747,325,319,6
748,325,319,6
749,326,319,7
750,326,319,7
751,327,319,6
752,323,319,5
753,326,319,7
754,328,328,0
755,328,328,0
756,328,328,0
757,328,328,0
758,329,328,1
759,328,328,0
760,328,328,0
761,330,328,4
762,331,328,5
763,328,328,0
764,332,328,2
765,333,328,3
766,331,328,5
767,333,328,3
768,331,328,5
769,331,328,5
770,331,328,5
771,334,328,6
772,331,328,5
773,335,328,7
774,331,328,5
775,334,328,6
776,336,328,6
777,336,328,6
778,337,328,6
779,334,328,6
780,338,338,0
781,338,338,0
782,339,338,1
783,338,338,0
784,338,338,0
785,340,338,2
786,341,338,3
787,342,338,4
788,341,338,3
789,342,338,4
790,342,338,4
791,343,338,6
792,344,338,7
793,342,338,4
794,338,338,0
795,344,338,7
796,345,338,8
797,344,338,7
798,344,338,7
799,346,338,6
800,347,338,7
801,348,338,5
802,349,338,5
803,343,338,6
804,350,338,5
805,351,338,5
806,352,352,0
807,352,352,0
808,352,352,0
809,352,352,0
810,352,352,0
811,352,352,0
812,353,352,1
813,354,352,2
814,352,352,0
815,355,352,3
816,356,352,4
817,357,352,5
818,357,352,5
819,356,352,4
820,357,352,5
821,357,352,5
822,358,352,6
823,358,352,6
824,358,352,6
825,359,352,7
826,356,352,4
827,359,352,7
828,359,352,7
829,358,352,6
830,357,352,5
831,359,352,7
832,360,360,0
833,361,360,1
834,360,360,0
835,362,360,2
836,360,360,0
837,363,360,3
838,364,360,4
839,363,360,3
840,363,360,3
841,365,360,5
842,363,360,3
843,366,360,6
844,365,360,5
845,364,360,4
846,367,360,7
847,365,360,5
848,366,360,6
849,366,360,6
850,367,360,7
851,365,360,5
852,366,360,6
853,366,360,6
854,367,360,7
855,367,360,7
856,367,360,7
857,367,360,7
858,368,368,0
859,368,368,0
860,368,368,0
861,368,368,0
862,368,368,0
863,368,368,0
864,369,368,1
865,368,368,0
866,370,368,3
867,371,368,2
868,370,368,3
869,372,368,4
870,373,368,6
871,372,368,4
872,372,368,4
873,374,368,5
874,373,368,6
875,373,368,6
876,375,368,7
877,373,368,6
878,373,368,6
879,376,368,7
880,373,368,6
881,377,368,2
882,378,368,5
883,379,368,6
884,380,380,0
885,381,380,1
886,380,380,0
887,380,380,0
888,380,380,0
889,380,380,0
890,382,380,2
891,383,380,3
892,383,380,3
893,384,380,4
894,380,380,0
895,385,380,5
896,385,380,5
897,386,380,7
898,384,380,4
899,386,380,7
900,386,380,7
901,387,380,8
902,388,380,7
903,385,380,5
904,389,380,8
905,389,380,8
906,390,380,8
907,391,380,5
908,386,380,7
909,392,380,6
910,393,393,0
911,393,393,0
912,393,393,0
913,393,393,0
914,393,393,0
915,393,393,0
916,394,393,1
917,395,393,9
918,393,393,0
919,393,393,0
920,396,393,2
921,397,393,4
922,398,393,5
923,395,393,9
924,399,393,3
925,395,393,9
926,400,393,9
927,401,393,8
928,402,393,8
929,398,393,5
930,403,393,9
931,404,393,7
932,405,393,7
933,406,393,8
934,407,393,6
935,408,393,4
936,409,409,0
937,409,409,0
938,409,409,0
939,409,409,0
940,409,409,0
941,409,409,0
942,410,409,1
943,411,409,3
944,412,409,2
945,409,409,0
946,411,409,3
947,413,409,6
948,414,409,8
949,413,409,6
950,413,409,6
951,413,409,6
952,415,409,9
953,416,409,7
954,417,409,6
955,418,409,7
956,411,409,3
957,419,409,5
958,420,409,5
959,421,409,7
960,422,409,6
961,423,409,4
962,424,424,0
963,424,424,0
964,424,424,0
965,424,424,0
966,424,424,0
967,424,424,0
968,425,424,1
969,424,424,0
970,426,424,4
971,427,424,2
972,428,424,3
973,429,424,7
974,429,424,7
975,430,424,5
976,429,424,7
977,426,424,4
978,431,424,6
979,429,424,7
980,431,424,6
981,429,424,7
982,429,424,7
983,432,424,2
984,433,424,1
985,431,424,6
986,434,424,2
987,435,424,1
988,436,436,0
989,436,436,0
990,437,436,1
991,436,436,0
992,436,436,0
993,436,436,0
994,438,436,4
995,439,436,2
996,440,436,3
997,438,436,4
998,439,436,2
999,441,436,8
1000,441,436,8
1001,441,436,8
1002,442,436,7
1003,438,436,4
1004,438,436,4
1005,441,436,8
1006,441,436,8
1007,442,436,7
1008,442,436,7
1009,443,436,7
1010,444,436,9
1011,445,436,8
1012,446,436,5
1013,447,436,6
1014,448,448,0
1015,449,448,1
1016,448,448,0
1017,450,448,3
1018,451,448,2
1019,450,448,3
1020,452,448,4
1021,450,448,3
1022,450,448,3
1023,450,448,3
1024,453,448,6
1025,453,448,6
1026,454,448,7
1027,455,448,8
1028,450,448,3
1029,454,448,7
1030,453,448,6
1031,454,448,7
1032,453,448,6
1033,455,448,8
1034,456,448,6
1035,457,448,7
1036,456,448,6
1037,455,448,8
1038,458,448,5
1039,459,448,4
1040,460,460,0
1041,460,460,0
1042,461,460,1
1043,460,460,0
1044,462,460,2
1045,460,460,0
1046,460,460,0
1047,463,460,4
1048,464,460,3
1049,460,460,0
1050,463,460,4
1051,465,460,5
1052,466,460,6
1053,466,460,6
1054,465,460,5
1055,463,460,4
1056,467,460,7
1057,467,460,7
1058,468,460,5
1059,469,460,6
1060,470,460,7
1061,471,460,4
1062,472,460,5
1063,473,460,4
1064,474,460,5
1065,475,460,6
1066,476,480,3
1067,477,480,2
1068,478,480,3
1069,479,480,4
1070,479,480,4
1071,480,480,0
1072,481,480,1
1073,477,480,2
1074,477,480,2
1075,478,480,3
1076,479,480,4
1077,482,480,5
1078,479,480,4
1079,479,480,4
1080,479,480,4
1081,479,480,4
1082,482,480,5
1083,483,480,7
1084,479,480,4
1085,479,480,4
1086,479,480,4
1087,484,480,7
1088,485,480,6
1089,486,480,6
1090,487,480,5
1091,482,480,5
