seqID,cluster,ancestor
0,1,1
1,1,110
2,2,110
3,1,110
4,1,110
5,1,110
6,3,110
7,4,110
8,5,110
9,4,110
10,1,110
11,6,110
12,6,110
13,7,110
14,6,110
15,7,110
16,7,110
17,6,110
18,6,110
19,8,110
20,7,110
21,7,110
22,8,110
23,6,110
24,9,110
25,8,110
26,10,420
27,10,420
28,10,420
29,10,420
30,10,420
31,10,420
32,11,420
33,12,420
34,13,420
35,14,420
36,14,420
37,15,420
38,13,420
39,14,420
40,15,420
41,14,420
42,16,420
43,15,420
44,17,420
45,17,420
46,15,420
47,16,420
48,16,420
49,14,420
50,16,420
51,16,420
52,18,110
53,18,110
54,18,110
55,18,110
56,18,110
57,19,110
58,20,110
59,21,110
60,20,110
61,18,110
62,22,110
63,23,110
64,24,110
65,23,110
66,22,110
67,24,110
68,24,110
69,25,110
70,25,110
71,23,110
72,24,110
73,24,110
74,24,110
75,24,110
76,26,110
77,24,110
78,27,241
79,27,241
80,27,241
81,27,241
82,27,241
83,28,241
84,29,241
85,30,241
86,27,241
87,31,241
88,31,241
89,32,241
90,32,241
91,31,241
92,32,241
93,33,241
94,33,241
95,34,241
96,35,241
97,33,241
98,32,241
99,34,241
100,35,241
101,34,241
102,33,241
103,34,241
104,36,110
105,37,110
106,38,110
107,36,110
108,36,110
109,36,110
110,39,110
111,40,110
112,40,110
113,40,110
114,39,110
115,40,110
116,40,110
117,40,110
118,41,110
119,42,110
120,40,110
121,42,110
122,42,110
123,40,110
124,40,110
125,42,110
126,43,110
127,42,110
128,42,110
129,40,110
130,44,44
131,44,44
132,44,44
133,44,44
134,44,44
135,44,44
136,45,44
137,44,44
138,46,44
139,47,44
140,48,44
141,48,44
142,49,44
143,48,44
144,48,44
145,50,44
146,50,44
147,50,44
148,51,44
149,48,44
150,50,44
151,51,44
152,51,44
153,52,44
154,53,44
155,50,44
156,54,170
157,55,170
158,56,170
159,54,170
160,54,170
161,54,170
162,57,170
163,58,170
164,58,170
165,58,170
166,57,170
167,58,170
168,59,170
169,60,170
170,60,170
171,58,170
172,60,170
173,61,170
174,60,170
175,62,170
176,59,170
177,61,170
178,60,170
179,60,170
180,61,170
181,61,170
182,63,63
183,64,63
184,65,63
185,63,63
186,63,63
187,63,63
188,66,63
189,67,63
190,68,63
191,68,63
192,65,63
193,67,63
194,66,63
195,69,63
196,65,63
197,69,63
198,69,63
199,69,63
200,69,63
201,68,63
202,70,63
203,71,63
204,69,63
205,72,63
206,73,63
207,69,63
208,74,170
209,74,170
210,74,170
211,74,170
212,75,170
213,74,170
214,74,170
215,76,170
216,77,170
217,78,170
218,76,170
219,78,170
220,79,170
221,80,170
222,78,170
223,80,170
224,79,170
225,81,170
226,81,170
227,80,170
228,81,170
229,81,170
230,79,170
231,81,170
232,81,170
233,81,170
234,82,110
235,83,110
236,84,110
237,85,110
238,86,110
239,87,110
240,88,110
241,88,110
242,83,110
243,83,110
244,89,110
245,83,110
246,83,110
247,89,110
248,83,110
249,83,110
250,84,110
251,83,110
252,83,110
253,83,110
254,83,110
255,84,110
256,83,110
257,83,110
258,84,110
259,83,110
260,90,231
261,90,231
262,90,231
263,90,231
264,90,231
265,90,231
266,91,231
267,92,231
268,93,231
269,94,231
270,94,231
271,95,231
272,96,231
273,97,231
274,95,231
275,96,231
276,97,231
277,96,231
278,96,231
279,97,231
280,96,231
281,97,231
282,98,231
283,99,231
284,100,231
285,101,231
286,102,110
287,103,110
288,104,110
289,105,110
290,106,110
291,106,110
292,107,110
293,108,110
294,103,110
295,103,110
296,109,110
297,110,110
298,103,110
299,108,110
300,108,110
301,104,110
302,104,110
303,104,110
304,103,110
305,103,110
306,103,110
307,103,110
308,103,110
309,103,110
310,111,110
311,104,110
312,112,112
313,112,112
314,112,112
315,112,112
316,112,112
317,112,112
318,113,112
319,114,112
320,115,112
321,116,112
322,115,112
323,117,112
324,116,112
325,118,112
326,117,112
327,118,112
328,119,112
329,117,112
330,119,112
331,118,112
332,116,112
333,119,112
334,120,112
335,121,112
336,122,112
337,123,112
338,124,124
339,124,124
340,124,124
341,124,124
342,124,124
343,125,124
344,126,124
345,127,124
346,128,124
347,128,124
348,128,124
349,129,124
350,129,124
351,128,124
352,129,124
353,130,124
354,131,124
355,129,124
356,130,124
357,129,124
358,132,124
359,131,124
360,133,124
361,134,124
362,131,124
363,131,124
364,135,135
365,135,135
366,135,135
367,135,135
368,135,135
369,135,135
370,136,135
371,137,135
372,135,135
373,138,135
374,135,135
375,139,135
376,140,135
377,139,135
378,141,135
379,139,135
380,141,135
381,141,135
382,139,135
383,139,135
384,140,135
385,142,135
386,141,135
387,143,135
388,144,135
389,139,135
390,145,145
391,145,145
392,145,145
393,145,145
394,146,145
395,145,145
396,147,145
397,148,145
398,149,145
399,145,145
400,145,145
401,150,145
402,151,145
403,151,145
404,150,145
405,150,145
406,150,145
407,150,145
408,152,145
409,151,145
410,152,145
411,151,145
412,153,145
413,152,145
414,152,145
415,154,145
416,155,155
417,155,155
418,156,155
419,155,155
420,155,155
421,157,155
422,158,155
423,159,155
424,159,155
425,158,155
426,158,155
427,159,155
428,160,155
429,159,155
430,161,155
431,158,155
432,162,155
433,162,155
434,162,155
435,160,155
436,162,155
437,162,155
438,160,155
439,162,155
440,162,155
441,162,155
442,163,170
443,163,170
444,163,170
445,163,170
446,163,170
447,163,170
448,164,170
449,165,170
450,166,170
451,167,170
452,168,170
453,169,170
454,170,170
455,171,170
456,172,170
457,173,170
458,173,170
459,173,170
460,174,170
461,171,170
462,175,170
463,176,170
464,171,170
465,177,170
466,178,170
467,179,170
468,180,319
469,181,319
470,180,319
471,180,319
472,180,319
473,180,319
474,182,319
475,183,319
476,184,319
477,180,319
478,183,319
479,184,319
480,185,319
481,184,319
482,186,319
483,187,319
484,187,319
485,187,319
486,186,319
487,184,319
488,187,319
489,188,319
490,187,319
491,189,319
492,190,319
493,191,319
494,192,241
495,193,241
496,194,241
497,195,241
498,194,241
499,196,241
500,194,241
501,197,241
502,197,241
503,198,241
504,194,241
505,198,241
506,198,241
507,199,241
508,198,241
509,199,241
510,200,241
511,198,241
512,198,241
513,198,241
514,198,241
515,198,241
516,199,241
517,201,241
518,198,241
519,202,241
520,203,297
521,203,297
522,204,297
523,203,297
524,203,297
525,205,297
526,203,297
527,206,297
528,203,297
529,207,297
530,208,297
531,205,297
532,207,297
533,208,297
534,209,297
535,208,297
536,209,297
537,208,297
538,210,297
539,211,297
540,209,297
541,212,297
542,213,297
543,214,297
544,209,297
545,208,297
546,215,215
547,215,215
548,215,215
549,215,215
550,215,215
551,215,215
552,216,215
553,217,215
554,218,215
555,219,215
556,219,215
557,220,215
558,220,215
559,221,215
560,222,215
561,219,215
562,223,215
563,222,215
564,221,215
565,221,215
566,222,215
567,224,215
568,225,215
569,226,215
570,220,215
571,220,215
572,227,231
573,228,319
574,228,319
575,229,231
576,230,231
577,231,231
578,230,231
579,232,231
580,233,231
581,234,231
582,235,231
583,234,231
584,233,231
585,230,231
586,230,231
587,233,231
588,234,231
589,234,231
590,230,231
591,234,231
592,236,231
593,230,231
594,237,231
595,232,231
596,233,231
597,230,231
598,238,241
599,238,241
600,238,241
601,238,241
602,238,241
603,238,241
604,238,241
605,239,241
606,240,241
607,241,241
608,242,241
609,243,241
610,244,241
611,245,241
612,244,241
613,243,241
614,240,241
615,244,241
616,244,241
617,244,241
618,244,241
619,246,241
620,244,241
621,244,241
622,244,241
623,240,241
624,247,247
625,247,247
626,247,247
627,248,247
628,249,247
629,247,247
630,247,247
631,250,247
632,251,247
633,251,247
634,251,247
635,252,247
636,251,247
637,252,247
638,253,247
639,252,247
640,253,247
641,252,247
642,253,247
643,250,247
644,253,247
645,254,247
646,254,247
647,254,247
648,255,247
649,253,247
650,256,256
651,256,256
652,257,256
653,258,256
654,256,256
655,256,256
656,259,256
657,260,256
658,256,256
659,256,256
660,258,256
661,261,256
662,262,256
663,262,256
664,260,256
665,263,256
666,263,256
667,263,256
668,262,256
669,263,256
670,262,256
671,262,256
672,262,256
673,262,256
674,262,256
675,263,256
676,264,264
677,264,264
678,264,264
679,264,264
680,264,264
681,264,264
682,265,264
683,266,264
684,267,264
685,268,264
686,268,264
687,268,264
688,267,264
689,268,264
690,268,264
691,268,264
692,269,264
693,268,264
694,270,264
695,269,264
696,268,264
697,268,264
698,271,264
699,270,264
700,271,264
701,271,264
702,272,272
703,272,272
704,273,272
705,274,272
706,272,272
707,272,272
708,275,272
709,276,272
710,275,272
711,277,272
712,276,272
713,277,272
714,278,272
715,278,272
716,276,272
717,277,272
718,277,272
719,277,272
720,278,272
721,277,272
722,278,272
723,278,272
724,279,272
725,279,272
726,278,272
727,279,272
728,280,280
729,281,280
730,280,280
731,282,280
732,280,280
733,280,280
734,283,280
735,282,280
736,284,280
737,285,280
738,285,280
739,285,280
740,285,280
741,285,280
742,285,280
743,284,280
744,286,280
745,285,280
746,285,280
747,285,280
748,285,280
749,287,280
750,288,280
751,286,280
752,285,280
753,285,280
754,289,297
755,289,297
756,289,297
757,289,297
758,290,297
759,289,297
760,289,297
761,291,297
762,292,297
763,289,297
764,293,297
765,293,297
766,294,297
767,293,297
768,295,297
769,294,297
770,296,297
771,296,297
772,297,297
773,294,297
774,293,297
775,293,297
776,294,297
777,293,297
778,295,297
779,295,297
780,298,298
781,298,298
782,299,298
783,298,298
784,298,298
785,300,298
786,301,298
787,302,298
788,301,298
789,302,298
790,302,298
791,303,298
792,304,298
793,302,298
794,298,298
795,304,298
796,305,298
797,304,298
798,304,298
799,304,298
800,305,298
801,304,298
802,306,298
803,305,298
804,307,298
805,305,298
806,308,308
807,308,308
808,308,308
809,308,308
810,308,308
811,308,308
812,309,308
813,310,308
814,308,308
815,311,308
816,312,308
817,313,308
818,313,308
819,312,308
820,313,308
821,313,308
822,314,308
823,314,308
824,314,308
825,315,308
826,312,308
827,315,308
828,315,308
829,314,308
830,313,308
831,315,308
832,316,319
833,317,319
834,318,319
835,319,319
836,318,319
837,320,319
838,318,319
839,321,319
840,322,319
841,318,319
842,321,319
843,318,319
844,318,319
845,321,319
846,318,319
847,318,319
848,318,319
849,318,319
850,318,319
851,318,319
852,323,319
853,318,319
854,324,319
855,317,319
856,318,319
857,317,319
858,325,325
859,325,325
860,325,325
861,325,325
862,325,325
863,325,325
864,326,325
865,325,325
866,327,325
867,328,325
868,328,325
869,329,325
870,330,325
871,329,325
872,329,325
873,331,325
874,331,325
875,331,325
876,332,325
877,331,325
878,331,325
879,331,325
880,331,325
881,333,325
882,332,325
883,331,325
884,334,334
885,335,334
886,334,334
887,334,334
888,334,334
889,334,334
890,336,334
891,337,334
892,337,334
893,338,334
894,334,334
895,339,334
896,339,334
897,340,334
898,338,334
899,340,334
900,340,334
901,341,334
902,341,334
903,339,334
904,341,334
905,341,334
906,342,334
907,341,334
908,340,334
909,341,334
910,343,343
911,343,343
912,343,343
913,343,343
914,343,343
915,343,343
916,344,343
917,345,343
918,343,343
919,343,343
920,346,343
921,347,343
922,348,343
923,349,343
924,349,343
925,349,343
926,350,343
927,351,343
928,352,343
929,353,343
930,354,343
931,355,343
932,356,343
933,357,343
934,358,343
935,359,343
936,360,360
937,360,360
938,360,360
939,360,360
940,360,360
941,360,360
942,361,360
943,362,360
944,363,360
945,360,360
946,364,360
947,363,360
948,365,360
949,363,360
950,366,360
951,364,360
952,366,360
953,366,360
954,367,360
955,367,360
956,364,360
957,368,360
958,366,360
959,369,360
960,370,360
961,371,360
962,372,372
963,372,372
964,372,372
965,372,372
966,372,372
967,372,372
968,373,372
969,372,372
970,374,372
971,375,372
972,376,372
973,377,372
974,377,372
975,375,372
976,378,372
977,378,372
978,378,372
979,378,372
980,379,372
981,379,372
982,378,372
983,380,372
984,381,372
985,379,372
986,382,372
987,383,372
988,384,384
989,384,384
990,385,384
991,384,384
992,384,384
993,384,384
994,386,384
995,387,384
996,387,384
997,387,384
998,387,384
999,388,384
1000,387,384
1001,388,384
1002,389,384
1003,389,384
1004,390,384
1005,391,384
1006,390,384
1007,389,384
1008,389,384
1009,392,384
1010,393,384
1011,394,384
1012,395,384
1013,396,384
1014,397,397
1015,398,397
1016,397,397
1017,399,397
1018,400,397
1019,399,397
1020,401,397
1021,402,397
1022,402,397
1023,402,397
1024,402,397
1025,402,397
1026,402,397
1027,403,397
1028,401,397
1029,402,397
1030,404,397
1031,403,397
1032,404,397
1033,402,397
1034,404,397
1035,404,397
1036,402,397
1037,404,397
1038,403,397
1039,404,397
1040,405,405
1041,405,405
1042,406,405
1043,405,405
1044,407,405
1045,405,405
1046,405,405
1047,408,405
1048,409,405
1049,405,405
1050,409,405
1051,410,405
1052,409,405
1053,409,405
1054,409,405
1055,409,405
1056,411,405
1057,412,405
1058,412,405
1059,412,405
1060,412,405
1061,413,405
1062,414,405
1063,415,405
1064,416,405
1065,412,405
1066,417,420
1067,418,420
1068,419,420
1069,420,420
1070,421,420
1071,422,420
1072,423,420
1073,423,420
1074,422,420
1075,418,420
1076,418,420
1077,424,420
1078,418,420
1079,418,420
1080,425,420
1081,418,420
1082,418,420
1083,418,420
1084,418,420
1085,418,420
1086,418,420
1087,426,420
1088,418,420
1089,419,420
1090,418,420
1091,418,420
